VGA Intrinsics left: {width: [640], height: [480], fx: [516.55377197265625000], fy: [516.58856201171875000], cx: [323.97888183593750000], cy: [236.40682983398437500], coeffs: [0.02363967895507812, -0.02799224853515625, -0.00076675415039062, 0.00044631958007812, 0.00000000000000000], p: [540.00000000000000000, 0.00000000000000000, 318.08520507812500000, 0.00000000000000000, 0.00000000000000000, 540.00000000000000000, 237.56152343750000000, 0.00000000000000000, 0.00000000000000000, 0.00000000000000000, 1.00000000000000000, 0.00000000000000000], r: [0.99998819828033447, -0.00036549568176270, 0.00484049320220947, 0.00037312507629395, 0.99999868869781494, -0.00156486034393311, -0.00483989715576172, 0.00156664848327637, 0.99998700618743896]}
VGA Intrinsics right: {width: [640], height: [480], fx: [515.63232421875000000], fy: [515.47338867187500000], cx: [322.07162475585937500], cy: [239.94851684570312500], coeffs: [0.02060317993164062, -0.02615356445312500, -0.00155639648437500, -0.00023651123046875, 0.00000000000000000], p: [540.00000000000000000, 0.00000000000000000, 318.08520507812500000, -62943.82812500000000000, 0.00000000000000000, 540.00000000000000000, 237.56152343750000000, 0.00000000000000000, 0.00000000000000000, 0.00000000000000000, 1.00000000000000000, 0.00000000000000000], r: [0.99995636940002441, -0.00125479698181152, 0.00925529003143311, 0.00124037265777588, 0.99999797344207764, 0.00157153606414795, -0.00925719738006592, -0.00155997276306152, 0.99995589256286621]}
VGA Extrinsics left to right: {rotation: [0.99998974800109863, 0.00086033344268799, -0.00441873073577881, -0.00087416172027588, 0.99999463558197021, -0.00313091278076172, 0.00441598892211914, 0.00313472747802734, 0.99998521804809570], translation: [-120.20923614501953125, 0.00000000000000000, 0.00000000000000000]}
HD Intrinsics left: {width: [1280], height: [720], fx: [1034.62426757812500000], fy: [1035.57336425781250000], cx: [643.60870361328125000], cy: [356.19915771484375000], coeffs: [0.01968765258789062, -0.02486419677734375, -0.00041961669921875, -0.00047683715820312, 0.00000000000000000], p: [1100.00000000000000000, 0.00000000000000000, 639.48095703125000000, 0.00000000000000000, 0.00000000000000000, 1100.00000000000000000, 359.47326660156250000, 0.00000000000000000, 0.00000000000000000, 0.00000000000000000, 1.00000000000000000, 0.00000000000000000], r: [0.99999749660491943, 0.00099277496337891, -0.00196993350982666, -0.00099790096282959, 0.99999606609344482, -0.00257730484008789, 0.00196743011474609, 0.00257933139801025, 0.99999463558197021]}
HD Intrinsics right: {width: [1280], height: [720], fx: [1033.67590332031250000], fy: [1034.67565917968750000], cx: [641.18603515625000000], cy: [362.59973144531250000], coeffs: [0.01925659179687500, -0.02502822875976562, 0.00060653686523438, -0.00096130371093750, 0.00000000000000000], p: [1100.00000000000000000, 0.00000000000000000, 639.48095703125000000, -125910.96093750000000000, 0.00000000000000000, 1100.00000000000000000, 359.47326660156250000, 0.00000000000000000, 0.00000000000000000, 0.00000000000000000, 1.00000000000000000, 0.00000000000000000], r: [0.99998867511749268, 0.00048446655273438, 0.00473344326019287, -0.00049674510955811, 0.99999654293060303, 0.00257718563079834, -0.00473225116729736, -0.00257945060729980, 0.99998545646667480]}
HD Extrinsics left to right: {rotation: [0.99997735023498535, 0.00048387050628662, -0.00670087337493896, -0.00051844120025635, 0.99998652935028076, -0.00515782833099365, 0.00669825077056885, 0.00516116619110107, 0.99996423721313477], translation: [-120.01759338378906250, 0.00000000000000000, 0.00000000000000000]}
